function vf = vectorTransform( vi )

x = vi(1);
y = vi(2);
z = vi(3);
lamda = vi(4);

f1 = - 0.05*exp(0.05*x - 0.1*y + z) - 0.01*lamda*exp(- 0.5*x^2 ...
    - 0.33333333333333333333333333333333*y^2)*(2.0*y - 1.0)^2*(- 9.0*x^3 + 6.0*x^2 + 17.0*x - 6.0);
f2 = 0.1*exp(0.05*x - 0.1*y + z) - 0.0066666666666666666666666666666667*lamda*exp(- 0.5*x^2 - 0.33333333333333333333333333333333*y^2)*(3.0*x - 1.0)^2*(- 4.0*y^3 + 4.0*y^2 + 11.0*y - 6.0);
f3 = lamda - 0.02*z - 1.0*exp(0.05*x - 0.1*y + z);
f4 = z - 0.01*exp(- 0.5*x^2 - 0.33333333333333333333333333333333*y^2)*(2.0*y - 1.0)^2*(3.0*x - 1.0)^2 - 2.0;

vf = [f1 f2 f3 f4];

end